110
0 1
1 2
2 3
3 4
4 5
5 6
6 7
7 8
8 9
2 12
6 16
9 19
10 0
12 22
14 4
16 26
19 29
10 11
11 10
12 13
13 12
14 15
15 14
16 17
17 16
19 18
18 19
29 28
29 39
28 27
27 26
26 36
26 25
25 24
24 14
23 22
22 32
22 32
22 21
21 20
20 10
30 20
30 31
31 30
32 33
33 32
32 42
34 24
34 35
35 34
36 46
36 37
37 33
39 49
39 38
38 39
40 30
40 41
41 42
42 52
42 43
43 44
44 45
44 34
45 46
46 56
46 47
47 48
48 49
49 59
50 40
52 62
52 42
42 52
56 66
57 47
59 69
60 50
62 52
62 72
66 76
67 57
69 79
70 60
72 62
72 82
76 86
77 67
79 89
80 70
80 81
81 82
82 72
82 92
82 83
83 84
84 85
85 86
86 96
86 87
87 77
87 88
88 89
89 99
90 80
90 91
91 90
92 102
92 93
93 92
94 84
94 95
95 94
96 106
96 97
97 96
99 109
99 98
98 99
100 90
101 100
102 101
103 102
104 103
104 94
105 104
106 105
107 106
108 107
109 108
